time_namelookup: 0.000462
time_connect: 0.000528
time_appconnect: 0.000000
time_pretransfer: 0.000556
time_redirect: 0.000000
time_starttransfer: 0.005224
———
time_total: 0.005294